$ 1 0.000005 1.5642631884188172 46 5 43 5e-11
v 288 288 288 208 0 0 40 105 0 0 0.5
v 288 368 288 288 0 0 40 85 0 0 0.5
r 288 208 384 208 0 420
r 384 208 512 208 0 330
w 384 208 384 160 0
r 384 160 512 160 0 980
w 512 160 512 208 0
w 384 208 384 272 0
r 384 272 512 272 0 280
r 512 272 512 208 0 310
r 512 208 624 208 0 710
r 624 208 624 272 0 200
r 512 272 624 272 0 240
w 624 320 624 368 0
w 624 368 288 368 0
216 288 64 672 64 0 0.01
w 624 320 672 320 0
w 672 320 672 80 0
w 288 80 288 208 0
w 624 272 624 320 0
