$ 1 0.000005 1.5642631884188172 46 5 43 5e-11
v 192 496 192 304 0 0 40 180 0 0 0.5
r 192 304 288 304 0 250
r 288 304 288 400 0 615
r 288 400 288 496 0 180
w 288 400 368 400 0
r 368 400 368 496 0 460
w 368 496 288 496 0
r 288 496 192 496 0 315
r 288 240 192 240 0 315
w 368 240 288 240 0
w 288 144 368 144 0
r 288 144 288 240 0 180
r 288 48 288 144 0 615
r 192 48 288 48 0 250
216 368 240 368 144 0 0.04
w 192 48 192 240 0
r 512 496 416 496 0 315
r 512 400 512 496 0 180
r 512 304 512 400 0 615
r 416 304 512 304 0 250
v 416 496 416 304 0 0 40 180 0 0 0.5
p 592 144 592 240 1 0 0
r 560 240 464 240 0 315
w 592 240 560 240 0
w 560 144 592 144 0
r 560 144 560 240 0 180
r 560 48 560 144 0 615
r 464 48 560 48 0 250
v 464 240 464 48 0 0 40 180 0 0 0.5
