$ 1 0.000005 10.20027730826997 38 5 50 5e-11
i 304 32 304 176 0 0.75
v 32 176 32 32 0 0 40 110 0 0 0.5
r 32 32 112 32 0 44
r 112 32 240 32 0 31
r 112 32 112 176 0 56
r 240 32 240 176 0 20
r 240 176 112 176 0 30
w 240 176 240 240 0
w 112 176 112 240 0
w 240 32 304 32 0
w 240 176 304 176 0
i 240 240 112 240 0 0.85
w 112 176 32 176 0
i 272 480 144 480 0 0.85
w 272 416 336 416 0
w 272 272 336 272 0
w 144 416 144 480 0
w 272 416 272 480 0
r 272 416 144 416 0 30
r 272 272 272 416 0 20
r 144 272 144 416 0 56
r 144 272 272 272 0 31
r 96 416 96 272 0 44
i 336 272 336 416 0 0.75
i 32 416 32 272 0 2.5
w 144 272 96 272 0
w 144 416 96 416 0
w 96 416 32 416 0
w 32 272 96 272 0
p 272 272 144 416 1 0 0
